-1.87515063e-01
-8.53266689e-01
-1.11714512e+00
-9.36144002e-01

-2.22245592e-01
-4.23151243e-01
-3.00356666e-01
-6.24478073e-01

-1.24694390e-01
-1.08931350e+00
-1.32369755e-01
-4.53158741e-01

-1.12941056e+00
-1.27179131e+00
-3.95472521e-01
-5.30906664e-01

-2.24677601e-01
-4.77176361e-01

5.25571441e-01

1.73645833e-02

-7.17787187e-01
-4.51991253e-01

7.03236290e-01

1.00031608e+00


1.15433946e+00

1.04484345e+00

3.76893670e-01

1.67754898e+00


2.02749567e+00

1.58445541e+00

4.81099742e-01

4.48298182e-01

-4.98298487e-01
-6.10003009e-01
-3.23740898e-01

4.30789848e-01


6.24870836e-01

1.75513279e-01

1.31241513e+00

9.35776027e-01


1.32402382e+00

1.74868850e+00

8.13858316e-01

3.07324903e-01


2.38596119e-01
-8.31910272e-01
-1.14912104e+00
-1.99321909e+00

-1.28887471e+00
-1.23019512e+00
-9.56566476e-01
-1.12187318e-01


6.61175486e-01

3.77595738e-01

6.26415926e-01

7.90677976e-01


7.51492656e-01

3.87058058e-01

1.05399560e-01

3.33434720e-02

-1.02466094e+00
-1.24811109e+00
-8.12503204e-02
-6.57198161e-01

-4.02884860e-01
-2.32914036e-01

3.33742288e-01
-5.29364554e-01


4.42874676e-01

6.25174898e-01

8.47867420e-01

1.63027292e-01


7.28604429e-02
-1.13626357e-01
-9.92670315e-02

1.77251058e-01

-9.53318168e-01
-2.89983889e-01
-9.59191057e-01
-1.17826111e-01

-5.69573965e-04

3.22126485e-01

3.89601437e-02
-2.06893544e-01

-2.10551067e-02
-6.02026573e-01
-5.16746128e-01
-1.85327858e-01


7.22654535e-01

4.80339594e-01
-4.25420758e-01
-3.93719203e-01

-7.88685474e-01

2.79306557e-01

2.20940404e-01
-2.26077097e-01

-8.52911406e-02

3.17316952e-01

2.45724834e-01
-8.95001637e-02


4.89250693e-01
-2.03947616e-02

2.29815134e-01
-2.39689089e-01


6.97537276e-02
-5.20694023e-01
-1.94534923e-01
-3.47900712e-01


5.18543705e-01

1.59759471e-01

3.10843126e-02

6.58055208e-01


9.62333060e-02
-3.39728701e-01

1.21219798e-01
-5.23481747e-01


9.11791597e-02
-3.09558845e-01
-3.77810795e-01
-3.43990993e-01

-8.43443121e-01

2.64984517e-01
-5.15519302e-02
-2.70104842e-01


6.47152211e-02
-2.04406016e-01

7.05497666e-01

5.82174722e-01


3.52895785e-01
-7.22697325e-01
-4.76440159e-02

3.43186773e-01

-1.43613714e-01

3.13423051e-01
-2.84392503e-01

3.88025824e-01


2.84155945e-01
-7.32860960e-01

4.41080896e-02
-3.31724500e-01

-4.19963778e-01
-2.49330460e-01

3.62837211e-01
-1.84221606e-01


7.23442411e-03

2.22746985e-01
-3.46650775e-01
-1.30355755e-01


1.25299027e-01
-4.59867283e-02

5.59442634e-01
-2.36192958e-01


1.43142221e-01

1.42014849e-01

1.83493153e-01

2.81126491e-01


3.07368302e-01
-1.54795887e-01

2.70482399e-01
-4.68173582e-03


1.03593466e-01

7.48253071e-01
-2.07374100e-01

9.41707697e-02

-3.83325744e-01
-4.31073272e-01
-1.39976615e-01
-2.21997944e-02

-9.72761501e-02
-1.22384378e-01

6.36495467e-01

6.75924616e-01


3.53399992e-01
-1.56337576e-01

9.01840105e-02
-4.99410857e-01

-6.04941631e-01
-5.09208479e-01
-9.18850500e-01
-7.75495314e-01


3.31207796e-02
-5.42667686e-01

3.96659943e-01

1.10292730e+00


4.12034239e-01
-5.83851983e-02

3.37593869e-01

6.42940617e-01

-3.88856337e-01
-5.88355072e-01
-2.21891201e-01

2.56800069e-02

-4.36619786e-02
-7.56336104e-01

5.48374556e-01
-1.99367061e-01


7.88670902e-01

2.80182160e-01
-2.62480551e-01

2.15998809e-01


8.87954355e-01

1.49526639e-01
-2.45498760e-01
-1.61204807e-01

-7.36335098e-02
-2.41626780e-01
-4.67094900e-01
-3.88342624e-01


2.82708420e-01

4.43300639e-01

2.08486050e-03
-6.15247187e-02

-7.71238674e-01

7.03319277e-01
-6.87019692e-01

7.58160603e-01


2.93910916e-01
-5.45647167e-01
-5.33830115e-02
-4.41342699e-02

-2.90236603e-01
-3.34832797e-02

3.68017663e-01

1.74778465e-02


1.89211134e-01

5.76699213e-01

3.37334545e-01

4.19748944e-02

-4.56980692e-01
-1.01370435e+00
-6.32186873e-01
-4.24157889e-01

-4.05481232e-01
-9.16854848e-03

3.47079560e-01

2.47849248e-01


1.43438342e-01

3.97606093e-01

5.26675980e-02

3.90940438e-01


4.19201293e-02

3.35048398e-01
-5.91428442e-01
-3.69730095e-01

-6.26661674e-01
-3.79592121e-01

1.75452593e-01
-2.31819955e-01

-1.63214829e-01

8.66587943e-01

4.08500056e-01

7.51575596e-01


5.99361136e-01
-1.57017625e-01
-2.88182510e-01

6.32192174e-01

-1.96158286e-01

1.65926625e-01
-3.22448631e-01
-6.11225190e-01

-3.41610258e-01
-4.81659303e-01

5.32320520e-01
-4.99071611e-01

-4.07157932e-02

3.89464415e-01
-3.95583705e-01

3.22568120e-01

-2.06543786e-02

6.66951780e-01
-4.98538937e-02
-1.02762682e-01


2.22123216e-01

4.27268319e-01
-2.65524750e-01
-5.13925809e-01


2.75591090e-01
-1.18482158e-02
-5.84446509e-01

5.98598715e-01

-5.26101959e-02

8.97939257e-01

4.41224080e-01

3.65760712e-01


1.87146117e-01
-5.99669500e-01
-3.92923863e-01
-6.00701707e-01


4.06895850e-01
-5.24383844e-01
-7.55619319e-01
-5.97620606e-01


5.04183382e-02

1.03981752e-01

4.76476598e-02

1.90295740e-01

-8.74669495e-01
-8.55400440e-01
-7.53327790e-01
-7.00780096e-01